1463574949
141838530
1254527087
1691829762
1275179093
1835085305
624053881
488779188
1735527792
1736861211
829609727
1530969619
433054967
1245810781
118616605
1082736133
1360096020
2125255512
335541039
2107598272
654711240
1286679087
1211876161
1254457724
1944473360
280478623
1780354237
293668632
455598433
599590668
1436909444
1919173382
741429199
543952883
1463519497
2016608292
231554540
2087573378
357903832
1967082332
1676950942
1187513560
1350568304
2110005909
285840693
1469184909
1045258395
1645936713
1446956773
1380799434
1606051337
2101668013
519994873
670443850
1208642089
316984586
950922473
841512679
610653218
1406520907
1441103347
2047562662
1178210641
35048898
444031897
494246490
2051657190
675586437
434336221
262077375
495185122
2111287163
1449590935
1845753426
2073809424
1735431628
1167454687
971584171
1233884693
466927813
204899957
692452382
421112178
724894831
1362896232
1629754268
1041879417
166335058
323783299
1652532635
1572855965
1764886646
1552611649
603582958
1799935545
1996643546
1097829449
1704109087
524746335
1532165670
1966186462
1019931457
1495969185
1268293749
718201235
1422294961
856241729
1885655923
246395485
2090126422
205100088
451295442
635095156
626212266
1176190273
1997991389
108482886
70586042
16842799
432266185
1723118677
1589698764
49669184
1128246678
45798074
1849604729
977406576
1143627523
1406230168
1502152912
528309545
1224932983
374600721
2024278730
345743084
1092801957
1299090044
1201984814
830974232
1545485529
1144627588
1036074320
1996780971
1779722745
1662286586
1025487597
1630230486
1770769473
1096073639
1647073285
55552010
671708669
1089288401
105221194
1799955347
1135086475
1954825923
629878276
131230351
1213572444
2132031188
659539896
291021779
359148261
536334979
636764863
1451950218
1835425023
1838749677
135440802
1233426904
835893618
1171515122
1082724227
468132715
686318061
2108211824
2098363201
309603886
1056801816
1597952838
365155896
1728510485
539757591
470377091
1380982184
1674844066
277719366
2010860460
1806074417
1491291810
1995408000
318130666
1782313589
207072614
854465645
271594805
1659022832
542407020
2110344482
1794463635
1775833924
798754452
818495109
711074503
1266887167
1504813170
671802680
1217766720
1814417056
1728604496
668235910
32089305
1309631333
1207993501
502466396
543129869
735353920
780185762
406506682
393944689
123993925
254431034
712075355
1906307514
461503648
1566541000
30418671
2120526481
2108948020
2140763154
1767506468
1737298296
792033958
438517929
300889152
2058921126
1943331100
972691832
1129204198
1610264508
553812680
1797440109
1642353813
1863444013
857949962
2144820209
259090234
1593303882
777522324
665596916
1987248572
901516249
920027951
551840279
660340115
1381531599
2118381280
690758787
1354574432
2079845652
684038293
974597252
1669660301
1476072251
1413115182
1970549453
1387509729
1208962634
795757637
369230280
671743494
1349570317
19186741
166613660
1065530682
877136703
163950221
1324620916
322956938
941472545
1990217833
162721862
1842988794
762762136
714562141
355845262
2144293735
685459773
1046604049
1351384520
617821778
1730642342
178498124
139998431
1059230945
1591613306
2110547884
299257027
653092292
758821873
668487307
1324835787
2108392190
687674048
1491449447
1026439224
1564810751
1655399668
203576492
1887767689
449388566
46310677
2050489551
144893712
809072813
617568045
500738974
805882901
1303027818
1547343023
9783773
1920849596
1130501717
188281897
2060848027
42249015
1779895204
2023912263
341506042
285503848
635250488
1009993349
1610339635
596159030
1697667397
954305434
1622598254
1114994500
462221455
1826174747
855278542
911610021
1872485424
758284445
1056503733
534074590
1375852490
1557242708
1339957491
531396661
957102083
1349741264
304762609
2087603801
1538023161
218126989
2129852816
1170434717
94555604
323875210
1455938566
729806093
1333868559
918794553
1325965123
884052308
1873099988
801079730
1999046808
187837795
479770829
706841702
1099447816
204772605
1465126148
8467901
738847195
693494990
1565710609
2078804686
1224891651
375329045
1281062302
1529654261
315449198
671601816
1747781250
297818366
1842036533
1842336854
621693576
1150491451
424659299
1955562135
2069286005
1750624423
692130795
1794902345
404220505
543693955
1982740140
883991334
1250535658
934704308
1088763939
568178158
943172209
1827611135
1261673148
361399171
1758932173
339081152
736728216
892510828
1868735413
1052177414
1564112644
1469033015
1349995780
1258665529
1163886221
1971689356
261673333
1588545521
1779767843
183475690
1191686296
324414990
1978378035
1595906801
868108945
1813634527
332414487
2118644603
600855187
1421178426
539339113
1544027396
1101305913
1801012262
1905426567
712754439
2140093414
494671135
1605265267
1861345179
1546848549
1021894263
1182894546
749360681
133076144
199297119
573566389
394749477
1787842640
205850584
578225167
832045288
530265574
409119554
280468441
1398374520
75270433
612882928
1369535475
676125620
2034061355
1908874589
72669369
987883620
1562403203
1978095936
1700638059
1555012969
325283424
1158419678
1268874500
1872131973
32830293
304285398
474009007
165906438
503582517
1047575396
560655915
143941510
1253425981
1138881083
975986798
1783691555
1548000637
1256455240
1034582427
1623271071
1869338168
256634255
151913043
1755915875
18025196
224582412
596315848
1580428399
55194701
149470259
987957720
380478125
1307889938
109348572
105126450
1340720231
413633970
579135457
1506626669
917216487
1626710854
2067282585
1061157997
732653187
1058680020
2037144796
368861094
459197009
1146116388
1403443522
2082468080
867970908
1660077777
86897476
476403136
1678102973
311479888
1072718984
1111047724
366674589
1222189243
2099005444
747152714
382595533
60870368
852279165
1723315765
474504338
1431414622
1082458786
1391720825
910641828
1002257723
305395175
1643295015
2060937743
195056323
2012156110
372651105
1341172711
1268115984
307635537
61659971
780710113
394533013
538063107
311329438
706012902
1610782091
1422377162
1072687491
685487687
1373898958
1819840206
1068083220
1434769326
524635723
643915337
1909273664
1956050345
1726374124
1153510841
719208526
581148199
1458906016
215019893
494602295
1653962339
79692355
867253400
847651402
1347808339
1174888937
909311374
2128518452
1569421951
1447374481
292364242
127951205
910672925
1714741404
1200638696
1596160612
941156714
872995254
516760184
228442392
1397630977
1160675522
2137716056
1206197675
739565998
1143743250
1925406201
1320714197
455165618
2140426094
1815316492
2109127958
72634802
535086244
809295712
1420443141
1709975182
1718607086
1401477946
1131913485
1018497920
1693842188
1259864690
1929170845
1261099945
313019738
1377847809
54773011
1186014993
1894607993
283215404
436162322
907799867
273447812
1642359997
1647365865
1417191062
1420282550
820596415
1872356681
1413224997
488429259
1834000991
1485859799
1023515504
495813055
758819292
586007038
66936494
12813590
1717920523
1085434414
1706655779
830301565
867121611
820272076
1143321303
97485772
875045087
181852648
1992093765
1158260491
618014971
752409985
1431708304
112891320
252292202
701415718
1533173871
1072888617
426288751
798915220
1561317877
112806094
137291371
437349733
608619150
896110663
1023356771
675555644
908924254
593793646
1760990058
468096385
1424095211
480628021
1288368461
419932866
578113793
15929900
601785515
422723910
1174190392
1219800486
1175133895
458415048
1332691806
1427426098
1159830766
718382029
352831067
1586119518
1517297249
1914148944
1698925612
1654588620
204015029
160061114
403215636
1227371800
835616758
1312139890
1821165446
449123168
1780236275
1097777009
929751189
921121088
1517709876
1507864982
937050988
2119495391
1930588893
2111241380
1191812229
958239140
422172780
377020387
238181590
1582003547
1095402417
591012658
1020639417
465216018
357677954
572081381
2119804639
561692984
732142496
375536627
1789064784
1567759254
1687676517
1462746583
2016882423
1320429144
413039944
799149964
94066584
1930749820
159531299
1031117572
1902761563
2090120192
994875305
947090144
900875684
1417048085
1324110532
1139057275
851567984
272029301
1730069933
1872207401
737245319
2087747887
296805135
709566310
501957223
1028947631
1085102937
143538360
449223237
625295806
1606284943
318622012
1945724950
2019324887
1117771977
2039791534
1802591060
1277303276
923425459
1557868975
1219939820
1918300764
357475472
2120815504
1187865201
1681586004
1112389131
2039433186
1953615305
694975416
1764156939
543376976
635239656
2060962074
1252943287
1137196879
942426057
190562576
1280735239
1391649295
815858383
739536534
1710271307
614099685
611377774
680559636
506407572
266485186
1957862912
1429833031
1824354161
1030319084
1200650147
34345985
1003650941
241031700
1715931989
2116040072
132981238
1522063646
663531841
1897138178
2065440623
1298771497
1810616604
1170900262
288484728
605559014
1361462838
1569219968
1997208309
29837573
161272854
1559995968
643937259
772650628
93071957
1150344831
1039135814
2050934869
432694214
716006328
933770306
1633344361
750352313
1937421247
1874376061
318800655
1905977671
2007357300
1840864301
422025864
1757011830
1758821276
1720797361
1420144786
782237890
2009282090
2025703800
2143700729
1431018410
1875428461
26054654
1592291264
1287940782
669991913
217458245
1381012739
1820336744
1256594059
1284463960
105547310
1972600387
70750618
1738891671
575469053
2008171865
1465784085
894269708
1766665889
1325657737
587650361
41208105
935185919
198987990
1762005467
207847057
981225880
1623803909
86067210
977442961
907338671
1961495671
1003497616
352146287
1101952805
1673489529
569604532
335481896
1346342626
1826198592
1619945857
1451889936
1651315331
1690696475
1043297960
79300736
1551384693
361598397
973570444
1170566934
1687256134
1561220806
1211775039
474958405
1760208796
826296858
682805462
593951028
302617119
768872672
1571393990
1209955790
582884696
427407958
1562102078
1684837501
2100897487
2131706610
2020319398
1299756465
1810421554
1492781607
604162754
1314253238
1035994434
1647460714
1393553974
439895479
2009059111
219640771
1610462413
1548831597
1780861577
674753805
2023790002
1393586725
1501050663
559111816
1987537753
1803667783
1327984489
1411448095
866139925
1910869185
1838856053
280758355
1448223038
1792269893
264981318
1321058788
944542710
2075402872
666356747
1548705464
1242172462
1702351182
1048682530
488242789
2142246661
910257993
707883560
1605225427
311605942
341261489
132495584
187912296
1734848214
1633546247
747024113
1574902319
1289730382
2075008602
838866767
8386660
1838394139
530239172
289145015
1139133529
175025417
554126333
312708670
1119568128
482045558
